0.0010004
0.000877919
0.00100836
0.000892679
0.00095063
0.00139322
0.00232495
0.00335471
0.00299365
0.00269907
0.00185232
0.00175824
0.00273051
0.00541764
0.0101488
0.0109587
0.00931645
0.00586751
0.0042452
0.00469682
0.00833407
0.0192351
0.0483829
0.109687
0.120351
0.0823096
0.0391385
0.02394
0.0177981
0.0232208
0.0366048
0.0321815
0.0282878
0.0222433
0.0195071
0.0195094
0.0195663
0.016441
0.0168383
0.0140957
0.01681
0.0260353
0.0502062
0.110006
0.240448
0.328109
0.269623
0.151488
0.094249
0.0806637
0.0825082
0.0914883
0.078308
0.0754641
0.0585726
0.0685474
0.106613
0.208465
0.474307
1.19339
3.20559
8.6345
15.8388
13.4924
6.65053
2.94132
1.87706
2.36772
3.43905
2.98538
2.94731
2.4731
1.91398
1.65371
2.67968
3.02451
2.72008
2.44537
2.01042
1.64479
1.3046
1.88295
1.98719
1.81641
1.72193
1.85368
2.46038
3.52462
3.72551
3.35989
2.44207
2.10461
2.92051
5.41611
11.3747
21.8608
24.9562
22.2752
17.5413
10.8132
